47 20 20 20 20 20 2B 20 20 20 30 2E 39 34 30 36 20 67 20 20 0D 0A 
0.9406g

47 20 20 20 20 20 2B 20 20 20 30 2E 34 39 32 35 20 67 20 20 0D 0A 
0.4925g

47 20 20 20 20 20 2B 20 20 20 39 2E 35 31 35 39 20 67 20 20 0D 0A 
9.5159g

47 20 20 20 20 20 2B 20 20 20 39 2E 35 31 36 30 20 67 20 20 0D 0A
9.5160g

4E 20 20 20 20 20 2D 20 20 20 39 2E 35 31 38 34 20 21 20 20 0D 0A 
-9.5184g

4E 20 20 20 20 20 2D 20 20 20 30 2E 34 34 38 33 20 21 20 20 0D 0A 
-0.4476g

47 20 20 20 20 20 20 20 20 20 30 2E 30 30 30 30 20 67 20 20 0D 0A
0.0000g